1
  0.140638
-0.0302282
-0.0703764
0.99935275 -0.01677691 -0.03182164
0.01953575 0.99588742 0.08846803
0.03020655 -0.08903243 0.99557059
0.02758293
2
  0.166113
-0.0388764
-0.0667657
0.99854944 -0.01443860 -0.05187048
0.01940428 0.99513969 0.09654262
0.05022443 -0.09740908 0.99397635
0.04455716
3
  0.186311
-0.0145476
-0.0633296
0.99700251 -0.01074515 -0.07661944
0.01582722 0.99769189 0.06603323
0.07573306 -0.06704796 0.99487139
0.05284042
4
 0.180724
-0.016317
-0.063911
0.99775071 -0.01433629 -0.06548281
0.01904704 0.99723063 0.07189078
0.06427082 -0.07297633 0.99526063
0.02763809
5
  0.171421
-0.0378243
-0.0622703
0.99893096 -0.01036892 -0.04504917
0.01571022 0.99266386 0.11988181
0.04347564 -0.12046138 0.99176556
0.05134662
6
  0.177846
-0.0390117
-0.0618634
0.99769582 -0.01521782 -0.06611705
0.02235911 0.99382847 0.10865105
0.06405558 -0.10987902 0.99187877
0.04894164
7
  0.175105
-0.0503986
-0.0606842
0.99834378 -0.01164347 -0.05633939
0.01918885 0.99061857 0.13530199
0.05423546 -0.13615899 0.98920132
0.06065320
8
  0.175353
-0.0547983
-0.0600226
0.99820361 -0.01045238 -0.05899415
0.01841641 0.99052178 0.13611551
0.05701226 -0.13695745 0.98893491
0.06077305
9
  0.174691
-0.0597668
-0.0594358
0.99829162 -0.01048371 -0.05747980
0.01847538 0.98993365 0.14032118
0.05543010 -0.14114342 0.98843616
0.05197906
10
  0.170309
-0.0711765
-0.0584472
0.99931214 -0.00090832 -0.03707315
0.00732862 0.98482153 0.17341522
0.03635292 -0.17356763 0.98415077
0.08380325
11
    0.1666
-0.0753643
-0.0587007
0.99963265 0.00035005 -0.02710070
0.00416770 0.98603849 0.16646540
0.02678060 -0.16651719 0.98567481
0.07246067
12
  0.168815
-0.0666235
-0.0596238
0.99853422 -0.01569764 -0.05179763
0.02092773 0.99456141 0.10202759
0.04991433 -0.10296204 0.99343212
0.04665703
13
  0.168212
 -0.065343
-0.0593056
0.99861506 -0.01399098 -0.05071701
0.01916385 0.99449784 0.10298927
0.04899703 -0.10381857 0.99338864
0.02953312
14
  0.167602
-0.0680707
-0.0595433
0.99886501 -0.00792382 -0.04696716
0.01379475 0.99193068 0.12602870
0.04558954 -0.12653356 0.99091415
0.03699308
15
  0.166125
-0.0689443
-0.0606174
0.99919029 -0.00372095 -0.04006146
0.00870700 0.99211648 0.12501633
0.03928045 -0.12526392 0.99134555
0.03853441
16
   0.16794
-0.0649244
-0.0608254
0.99813956 -0.01004964 -0.06013665
0.01585816 0.99516723 0.09690560
0.05887215 -0.09767897 0.99347516
0.05820673
17
  0.166109
-0.0645375
-0.0614177
0.99892876 -0.00788269 -0.04559827
0.01249218 0.99473609 0.10170570
0.04455653 -0.10216637 0.99376896
0.03952939
18
  0.165269
-0.0638109
-0.0616905
0.99906768 -0.00828797 -0.04236844
0.01261050 0.99462245 0.10279672
0.04128862 -0.10323517 0.99379965
0.04115004
19
  0.163884
-0.0650743
-0.0617941
0.99939698 -0.00423847 -0.03446308
0.00830432 0.99289477 0.11870559
0.03371509 -0.11892020 0.99233123
0.04661771
20
  0.163178
-0.0670905
-0.0616603
0.99936358 -0.00520143 -0.03528996
0.00987189 0.99100049 0.13349371
0.03427801 -0.13375713 0.99042115
0.05088590
21
    0.1621
-0.0697338
 -0.061658
0.99947398 -0.00244430 -0.03233855
0.00720230 0.98898411 0.14784640
0.03162093 -0.14800154 0.98848149
0.06031429
22
  0.161388
-0.0710886
-0.0615255
0.99940384 -0.00180175 -0.03447782
0.00692065 0.98882294 0.14893388
0.03382411 -0.14908370 0.98824591
0.05264167
23
  0.161548
-0.0728017
-0.0612369
0.99909382 -0.00235042 -0.04249728
0.00878892 0.98834742 0.15196095
0.04164491 -0.15219675 0.98747246
0.06059458
24
  0.161156
-0.0736777
-0.0618368
0.99922637 -0.00695261 -0.03870828
0.01259593 0.98897904 0.14751879
0.03725604 -0.14789223 0.98830151
0.04944997
25
  0.160211
-0.0745737
-0.0619279
0.99953187 0.00017844 -0.03059420
0.00423041 0.98957128 0.14398189
0.03030084 -0.14404391 0.98910728
0.05950128
26
  0.160223
-0.0816904
 -0.060585
0.99913993 -0.00624049 -0.04099330
0.01494202 0.97637855 0.21554968
0.03867984 -0.21597681 0.97563204
0.13282548
27
  0.161114
-0.0792317
-0.0606517
0.99831742 -0.01141232 -0.05685142
0.01949543 0.98942557 0.14372535
0.05461001 -0.14459186 0.98798327
0.05323257
28
  0.162701
-0.0750271
  -0.06094
0.99747248 -0.01198714 -0.07003549
0.01805799 0.99607050 0.08670339
0.06872096 -0.08774895 0.99376937
0.07722966
29
  0.162606
-0.0749364
-0.0609047
0.99826411 -0.00970325 -0.05809150
0.01578709 0.99432527 0.10520468
0.05674102 -0.10593915 0.99275241
0.03745430
30
  0.162838
-0.0756339
-0.0610718
0.99821809 -0.00920038 -0.05895752
0.01650491 0.99206548 0.12463412
0.05734304 -0.12538512 0.99044957
0.04729232
31
  0.163564
-0.0720563
-0.0613182
0.99789100 -0.01413064 -0.06335518
0.01915146 0.99666238 0.07935572
0.06202238 -0.08040170 0.99483104
0.06420984
32
  0.162927
-0.0777791
-0.0603717
0.99886132 -0.01028623 -0.04658606
0.01846308 0.98373749 0.17866075
0.04399071 -0.17931744 0.98280724
0.09153333
33
  0.164607
-0.0729953
-0.0608062
0.99719059 -0.02055907 -0.07202950
0.02668717 0.99600845 0.08517607
0.06999085 -0.08685904 0.99375892
0.06141358
34
   0.16435
-0.0719283
-0.0608312
0.99815502 -0.01554448 -0.05869345
0.02076326 0.99578109 0.08938066
0.05705645 -0.09043442 0.99426665
0.04580411
35
  0.164522
-0.0719825
-0.0605782
0.99818993 -0.01505280 -0.05822608
0.02128705 0.99392531 0.10797844
0.05624699 -0.10902246 0.99244666
0.03503528
36
  0.164862
-0.0685022
-0.0605269
0.99799933 -0.01542178 -0.06131477
0.01931340 0.99780179 0.06339221
0.06020237 -0.06444958 0.99610337
0.07908202
37
  0.164689
-0.0700515
-0.0603473
0.99864055 -0.00638930 -0.05173227
0.01234244 0.99322044 0.11558904
0.05064302 -0.11607041 0.99194906
0.03986663
38
  0.165677
-0.0694143
-0.0604401
0.99766551 -0.01095230 -0.06740603
0.01816865 0.99405037 0.10739539
0.06582876 -0.10836936 0.99192876
0.03633533
39
  0.166046
-0.0664523
-0.0606103
0.99768751 -0.01347682 -0.06661844
0.01785617 0.99768716 0.06558579
0.06558048 -0.06662367 0.99562065
0.07212925
40
  0.166763
 -0.067848
-0.0604406
0.99746948 -0.00838850 -0.07059942
0.01650278 0.99321111 0.11514927
0.06915420 -0.11602297 0.99083620
0.05006808
41
  0.167141
-0.0659114
-0.0607072
0.99771337 -0.01082120 -0.06671538
0.01643985 0.99630873 0.08425350
0.06555739 -0.08515763 0.99420843
0.06276519
42
  0.167147
-0.0668811
-0.0606627
0.99821090 -0.00788758 -0.05926872
0.01479743 0.99301363 0.11706820
0.05793126 -0.11773577 0.99135375
0.04334888
43
  0.167506
-0.0668586
 -0.060606
0.99800837 -0.00753064 -0.06263055
0.01484039 0.99301153 0.11708055
0.06131117 -0.11777683 0.99114558
0.04523436
44
  0.168222
-0.0673157
-0.0607551
0.99762512 -0.00758845 -0.06845825
0.01606184 0.99214115 0.12408847
0.06697861 -0.12489334 0.98990682
0.04715775
45
    0.1687
-0.0687736
-0.0606769
0.99763835 -0.01099849 -0.06779932
0.02091711 0.98885987 0.14737243
0.06542316 -0.14844255 0.98675459
0.05834168
46
  0.167862
-0.0691488
-0.0607089
0.99871866 -0.01348113 -0.04877809
0.02032387 0.98956701 0.14263264
0.04634634 -0.14344124 0.98857303
0.04964570
47
  0.167571
-0.0690082
-0.0608559
0.99891732 -0.00854831 -0.04572869
0.01433976 0.99168826 0.12786230
0.04425560 -0.12837960 0.99073716
0.03752587
48
  0.167025
-0.0688715
-0.0612396
0.99921922 -0.01301086 -0.03730511
0.01748065 0.99236200 0.12211505
0.03543135 -0.12267182 0.99181462
0.04856317
49
  0.166957
-0.0682664
-0.0613762
0.99890406 -0.01384388 -0.04471054
0.01864298 0.99389195 0.10877146
0.04293163 -0.10948579 0.99306079
0.02911853
50
  0.166719
-0.0681249
-0.0615051
0.99906275 -0.00576066 -0.04290042
0.01048291 0.99380103 0.11067797
0.04199691 -0.11102396 0.99292998
0.03095950
51
  0.167121
-0.0672227
-0.0615556
0.99837687 -0.00846005 -0.05632096
0.01380384 0.99536441 0.09517954
0.05525466 -0.09580250 0.99386559
0.03775150
52
  0.166579
-0.0676288
-0.0615447
0.99905716 -0.00915954 -0.04243699
0.01401396 0.99320317 0.11554685
0.04109020 -0.11603262 0.99239510
0.02844162
53
  0.166036
 -0.067761
-0.0615429
0.99931323 -0.00753148 -0.03628154
0.01184422 0.99268347 0.12016337
0.03511107 -0.12051057 0.99209093
0.02978254
54
  0.166455
-0.0662331
-0.0616682
0.99849105 -0.01295436 -0.05336485
0.01746296 0.99623590 0.08490633
0.05206407 -0.08571012 0.99495885
0.04870730
55
  0.166894
-0.0654883
-0.0617741
0.99777174 -0.01622450 -0.06471719
0.02169920 0.99616087 0.08480953
0.06309274 -0.08602487 0.99429323
0.05586657
56
  0.166909
-0.0651681
-0.0618379
0.99825214 -0.01213739 -0.05783907
0.01744305 0.99559430 0.09212888
0.05646604 -0.09297674 0.99406585
0.04489305
57
  0.167238
-0.0645397
-0.0620086
0.99797586 -0.01107574 -0.06262190
0.01665861 0.99586137 0.08934558
0.06137317 -0.09020792 0.99403011
0.05237734
58
  0.167645
-0.0645772
-0.0620749
0.99766994 -0.01434615 -0.06669986
0.02108784 0.99461231 0.10149711
0.06488441 -0.10266717 0.99259733
0.03707212
59
  0.167663
-0.0645001
-0.0618774
0.99795764 -0.01634612 -0.06175236
0.02304224 0.99373835 0.10933043
0.05957856 -0.11053005 0.99208543
0.03187850
60
  0.167768
-0.0643195
-0.0619079
0.99794300 -0.01978720 -0.06097738
0.02632730 0.99375962 0.10839142
0.05845210 -0.10977382 0.99223639
0.03186658
61
    0.1676
-0.0647492
-0.0621266
0.99865076 -0.00692415 -0.05146570
0.01321378 0.99233167 0.12289528
0.05022010 -0.12340952 0.99108427
0.04259066
62
  0.167351
-0.0665805
-0.0618725
0.99904877 -0.00521246 -0.04329410
0.01233141 0.98607595 0.16583774
0.04182685 -0.16621387 0.98520224
0.08363668
63
   0.16744
-0.0658814
-0.0618225
0.99862282 -0.01019657 -0.05146348
0.01658687 0.99197809 0.12531700
0.04977284 -0.12599804 0.99078109
0.03842050
64
  0.167108
-0.0666413
-0.0617589
0.99909718 -0.00562313 -0.04210952
0.01154568 0.98983426 0.14175627
0.04088433 -0.14211448 0.98900553
0.05349397
65
  0.167304
-0.0673424
 -0.061612
0.99858259 -0.00436011 -0.05304534
0.01234533 0.98843272 0.15115671
0.05177269 -0.15159732 0.98708553
0.06320717
66
  0.166675
-0.0671604
-0.0617464
0.99940091 -0.00591708 -0.03410012
0.01030482 0.99146405 0.12997246
0.03303999 -0.13024599 0.99093105
0.03938770
67
  0.166871
-0.0659641
-0.0619485
0.99877468 -0.01255574 -0.04786963
0.01684140 0.99578097 0.09020327
0.04653510 -0.09089893 0.99477227
0.04566903
68
  0.166988
 -0.065146
-0.0619619
0.99835882 -0.01393614 -0.05554676
0.01834768 0.99664851 0.07971890
0.05424963 -0.08060722 0.99526853
0.05500169
69
  0.166358
-0.0656563
-0.0619952
0.99930833 -0.01616270 -0.03349065
0.01996292 0.99299729 0.11643820
0.03137416 -0.11702624 0.99263313
0.05377142
70
  0.165927
-0.0652367
-0.0620275
0.99946151 -0.00965014 -0.03136186
0.01288789 0.99441665 0.10473509
0.03017605 -0.10508287 0.99400553
0.03767354
71
 0.166142
-0.064162
-0.061967
0.99866159 -0.01274340 -0.05012625
0.01661914 0.99683988 0.07767919
0.04897794 -0.07840828 0.99571748
0.05421619
72
  0.166194
-0.0651387
-0.0618162
0.99868581 -0.00736618 -0.05071877
0.01360955 0.99220420 0.12387738
0.04941087 -0.12440484 0.99100050
0.05922153
73
  0.166155
-0.0641659
 -0.061993
0.99862621 -0.01194050 -0.05102077
0.01651232 0.99579155 0.09014723
0.04972965 -0.09086586 0.99462071
0.04575287
74
  0.165877
-0.0640405
-0.0622269
0.99907651 -0.01016004 -0.04174795
0.01415275 0.99523377 0.09648541
0.04056867 -0.09698716 0.99445848
0.04791675
75
  0.166092
-0.0641918
-0.0621325
0.99847071 -0.01159822 -0.05405296
0.01758859 0.99358598 0.11170288
0.05241071 -0.11248277 0.99227050
0.03297163
76
  0.166215
-0.0643025
-0.0622088
0.99831959 -0.00889143 -0.05726210
0.01560443 0.99290566 0.11787645
0.05580777 -0.11857191 0.99137591
0.03140630
77
  0.165687
-0.0655168
-0.0621045
0.99932744 -0.00627834 -0.03612835
0.01188872 0.98748837 0.15724308
0.03468910 -0.15756684 0.98689886
0.05969813
78
   0.16583
-0.0651057
-0.0620379
0.99876259 -0.00640267 -0.04931836
0.01247462 0.99222710 0.12381342
0.04814227 -0.12427544 0.99107918
0.02553045
79
  0.165551
-0.0653042
-0.0619755
0.99911963 -0.00743408 -0.04128804
0.01271504 0.99154263 0.12915702
0.03997869 -0.12956829 0.99076423
0.02928975
80
  0.166013
-0.0643452
-0.0620038
0.99808108 -0.00966875 -0.06116096
0.01521195 0.99575046 0.09082746
0.06002287 -0.09158355 0.99398677
0.05346704
81
  0.166123
-0.0656642
-0.0618399
0.99826692 -0.00372284 -0.05873064
0.01227765 0.98921084 0.14598347
0.05755351 -0.14645155 0.98754217
0.08387417
82
  0.165967
-0.0656765
-0.0618914
0.99880137 -0.00429558 -0.04875820
0.01072216 0.99114890 0.13232116
0.04775824 -0.13268535 0.99000694
0.03578164
83
  0.166143
-0.0659266
-0.0618002
0.99837509 -0.00771628 -0.05645916
0.01525783 0.99081078 0.13439197
0.05490334 -0.13503504 0.98931853
0.04816103
84
  0.166213
-0.0666391
-0.0617572
0.99844697 0.00036407 -0.05570914
0.00811987 0.98834907 0.15198745
0.05511541 -0.15220376 0.98681118
0.06136242
85
   0.16627
-0.0665047
-0.0617225
0.99841644 -0.00392156 -0.05611808
0.01117869 0.99150372 0.12959711
0.05513306 -0.13001921 0.98997745
0.03090017
86
  0.166145
-0.0671646
-0.0615644
0.99868200 -0.00707958 -0.05083452
0.01453647 0.98890171 0.14785838
0.04922357 -0.14840246 0.98770125
0.05193941
87
  0.166335
-0.0668621
 -0.061545
0.99815477 -0.01266688 -0.05938530
0.01987843 0.99227351 0.12246688
0.05737519 -0.12342139 0.99069433
0.02325494
88
  0.166379
-0.0669729
-0.0615945
0.99830605 -0.01445567 -0.05635660
0.02138129 0.99201495 0.12429472
0.05410983 -0.12528914 0.99064361
0.03275397
89
  0.166046
-0.0666983
-0.0616098
0.99900277 -0.00939391 -0.04364890
0.01419251 0.99372322 0.11096279
0.04233255 -0.11147162 0.99286557
0.03073483
90
  0.166057
-0.0667432
-0.0615455
0.99868920 -0.00811674 -0.05053713
0.01409561 0.99278219 0.11910011
0.04920566 -0.11965635 0.99159526
0.04303682
91
  0.165512
-0.0673078
-0.0615571
0.99953437 0.00150339 -0.03047602
0.00270445 0.99048972 0.13756015
0.03039300 -0.13757852 0.99002445
0.06490620
92
  0.163686
-0.0703303
  -0.06118
0.99978895 -0.00280649 0.02035118
-0.00220944 0.97019007 0.24233519
-0.02042463 -0.24232901 0.96997912
0.22791554
93
  0.163696
-0.0696605
-0.0612736
0.99977160 -0.01276036 -0.01714386
0.01530499 0.98738188 0.15761592
0.01491630 -0.15784231 0.98735166
0.06621464
94
  0.163584
-0.0688086
-0.0614881
0.99949008 -0.01116013 -0.02991719
0.01418956 0.99457581 0.10304180
0.02860495 -0.10341377 0.99422701
0.04797822
95
  0.163734
-0.0704332
-0.0612184
0.99915719 -0.00008746 -0.04104751
0.00722847 0.98474500 0.17385349
0.04040612 -0.17400368 0.98391568
0.11176297
96
  0.163975
-0.0700746
-0.0612068
0.99846604 -0.00692942 -0.05493231
0.01419709 0.99100899 0.13303992
0.05351653 -0.13361572 0.98958720
0.02974171
97
  0.164006
-0.0693946
-0.0612119
0.99852558 -0.00687640 -0.05384594
0.01220105 0.99499351 0.09919201
0.05289428 -0.09970273 0.99361037
0.03773543
98
  0.163951
-0.0700647
-0.0611309
0.99883449 -0.00559111 -0.04794166
0.01209910 0.99055858 0.13655516
0.04672552 -0.13697606 0.98947172
0.05308689
99
  0.163905
-0.0701847
-0.0611101
0.99893068 -0.00896602 -0.04535542
0.01504832 0.99064983 0.13559666
0.04371558 -0.13613418 0.98972543
0.03773142
100
  0.163826
-0.0704923
-0.0611563
0.99908716 -0.00670748 -0.04218840
0.01254742 0.99011073 0.13972583
0.04083398 -0.14012763 0.98929108
0.04795283
