# oST version 5.0 parameters


[image]

width
1920

height
1080

[camera]


camera matrix
1531.254242 0.000000 953.689426
0.000000 1533.755621 471.892757
0.000000 0.000000 1.000000

distortion
-0.362982 0.164724 0.002323 -0.000220 0.000000

rectification
1.000000 0.000000 0.000000
0.000000 1.000000 0.000000
0.000000 0.000000 1.000000

projection
1303.764282 0.000000 951.051899 0.000000
0.000000 1460.067993 466.778911 0.000000
0.000000 0.000000 1.000000 0.000000
