Average translation is:
-0.0844384
-0.0619828
-0.0642641
Average rotation is:
  0.999435 4.9864e-05 -0.0336116
0.00500118   0.988647   0.150176
 0.0332375  -0.150259   0.988088
Average transformation is:
  0.999435 4.9864e-05 -0.0336116 -0.0844384
0.00500118   0.988647   0.150176 -0.0619828
 0.0332375  -0.150259   0.988088 -0.0642641
         0          0          0          1
Final rotation is:
  -0.0328158    -0.999461 -0.000845709
     0.15018  -0.00409436     -0.98865
    0.988114   -0.0325703     0.150233
Final ypr is:
  1.78592
 -1.41646
-0.213494
Average RMSE is: 0.0284263
RMSE on average transformation is: 0.0303434

